2450 1
2500 1
2499 1
2449 1
2448 1
2447 1
2498 1
2497 1
242 2
2030 2
2005 2
2055 2
2157 2
2129 2
549 6
1988 10
1798 4
292 6
2347 8
2093 12
291 10
1100 4
1149 4
948 14
1949 4
2092 8
2280 10
2054 4
1999 4
748 14
797 14
1998 4
2080 10
2334 18
2331 22
2333 18
1938 18
1939 18
1889 18
1839 18
1789 18
1739 18
1689 18
1688 18
1687 18
2095 26
2147 44
949 22
950 22
900 22
850 22
798 22
800 22
699 22
799 22
2158 6
2179 22
290 18
340 18
749 44
750 44
700 44
550 44
650 44
2094 26
2194 26
2144 26
2348 38
2446 30
89 28
600 52
39 10
2396 70
1848 16
1989 38
2346 80
2296 80
2159 8
2109 8
339 20
2332 50
2281 44
289 20
239 20
2398 92
2399 92
2349 92
2299 106
2298 106
2297 106
2246 106
2247 106
1686 68
2282 48
2232 48
2231 48
2180 48
2182 48
2181 48
2130 48
2131 48
189 20
2496 6
139 30
2146 130
2197 130
2145 130
2196 130
2293 88
2143 64
2142 70
2193 88
1847 28
1150 24
2283 80
2183 98
2132 76
2104 14
384 28
2039 76
2192 76
2242 68
2292 68
2291 68
2241 68
2240 68
2190 68
2191 70
2141 70
2089 76
2140 70
2189 68
2188 68
2139 76
2138 70
2442 14
85 16
188 30
238 30
237 30
187 30
186 30
185 28
2492 82
135 16
2491 18
134 16
2441 14
84 16
34 16
136 30
2493 94
2233 146
599 134
1898 38
2195 156
2243 156
2245 156
1948 45
1947 45
2059 9
1846 52
1897 52
1896 52
1895 52
649 156
1893 56
2234 197
2184 155
2133 155
648 165
647 165
597 165
383 37
2081 187
1997 62
137 30
2494 309
547 169
2244 262
2295 420
1736 240
1200 76
2137 192
484 44
433 44
336 44
386 44
434 44
436 44
435 44
385 44
335 44
285 44
86 16
2443 248
2105 19
2060 11
35 16
2392 240
2010 11
1960 11
1910 11
1909 11
1908 11
1907 11
1857 11
1856 11
2047 80
2097 80
2096 80
2046 80
1996 80
1946 80
33 38
1453 61
1894 80
1943 80
1981 455
1980 390
2031 622
2134 313
2135 313
2085 313
138 30
2495 500
87 26
2444 500
2345 559
88 30
2445 559
73 42
74 42
2381 6
24 42
23 42
235 63
36 16
2393 462
2395 559
2294 461
37 18
2394 581
2344 393
2343 357
2342 325
2341 313
2340 313
2290 313
2289 313
2239 313
2187 313
2236 313
2238 313
2237 335
2287 355
2284 355
2286 355
2082 370
1855 14
1737 420
1452 64
546 220
1250 198
83 45
596 231
2106 26
2285 438
2235 438
1945 128
1300 212
2107 28
1502 40
1944 147
1995 147
1994 147
1993 147
1992 147
1991 147
1941 147
1942 147
1892 147
1842 147
22 45
1403 71
1404 70
1738 563
1788 563
1787 563
2032 833
1350 348
1450 410
1400 412
1299 315
1399 363
1349 370
2035 514
1348 477
1347 375
236 92
2083 588
2084 588
2034 588
2009 40
1959 44
1930 596
1297 347
1905 24
2033 979
1983 967
2490 2
133 52
286 97
595 316
1792 243
2185 695
2108 41
2057 41
1958 46
2058 46
1957 46
2008 46
2056 24
2007 24
1906 24
2006 24
1956 24
1955 24
1954 24
1904 24
1903 24
1853 24
1852 24
1902 24
1454 42
1503 47
72 52
1354 83
2186 769
2036 753
2136 769
645 350
1449 524
1837 796
1901 24
1295 304
1982 880
1931 880
1984 895
1932 897
1832 893
1751 24
1851 24
644 358
643 358
642 358
287 107
183 57
641 358
1831 737
1881 567
1880 567
1830 477
1829 428
1199 75
1729 699
1933 1171
1934 1089
1504 47
1298 82
1249 82
1248 82
1499 624
1793 446
328 65
1882 1052
1883 1048
1833 1217
1784 684
1783 979
1731 460
1782 684
1779 424
1781 539
1780 442
1730 390
1728 837
1778 837
1777 837
1147 83
1196 83
1198 83
1625 570
1624 465
341 134
1296 402
1345 363
1398 686
1838 1072
1888 1072
2038 1109
2086 1109
2088 1109
122 69
1355 96
279 80
1786 1141
1985 1335
2087 1335
2037 1335
1887 1335
1987 1335
1986 1335
1937 1335
1936 1335
1801 25
1294 274
1678 797
1580 630
1679 699
1630 630
1629 699
1628 630
288 131
640 418
740 418
1836 1354
1935 1354
1884 1414
1886 1354
338 131
1843 685
280 78
1680 490
1681 486
1554 43
1776 891
1726 813
1675 722
1885 1384
1834 1361
689 240
1574 500
1475 421
1575 452
329 77
379 77
327 77
378 77
1802 27
1500 871
815 81
766 81
765 81
764 81
714 81
123 75
175 75
2433 18
76 75
176 75
124 75
126 75
125 75
75 75
1752 27
1702 27
1197 120
1247 120
1835 1431
1785 1364
1735 1208
1638 1317
1637 1317
1685 1069
1634 856
1636 1161
1635 1143
184 71
342 184
1550 944
1246 135
1245 135
1344 306
1395 306
1448 896
1844 896
1845 896
1195 141
639 254
565 163
1496 735
690 459
1497 888
1447 747
1173 193
536 258
587 263
1578 740
1579 714
1701 29
337 142
1346 476
1397 625
1742 3114
2382 2
25 88
1990 2247
1841 2387
1940 2387
1891 2387
1890 2441
1588 1733
1741 2851
1840 2461
1791 2607
1585 963
1790 2654
1740 2508
1693 3220
1692 2823
1691 2521
1690 2310
1639 2242
1641 2387
1640 2264
1589 1850
1590 1702
1540 1467
1539 1182
1538 994
1586 813
1587 813
1536 801
1537 813
1488 839
1487 613
1486 589
1436 583
1386 583
1555 45
392 204
1498 1307
1547 1287
377 79
1631 725
1727 868
1676 885
1651 31
1577 802
1677 868
1627 868
1405 104
616 168
615 166
664 85
666 168
1626 823
1476 541
1576 702
1525 551
1425 359
391 213
1605 48
1529 993
917 81
1694 3702
390 224
537 291
1604 48
1603 48
638 267
234 85
1602 34
1553 32
1601 32
1552 32
1394 439
1549 1628
330 84
1795 1552
78 97
2383 2
26 97
28 97
1444 448
1632 1008
1194 231
1794 3779
1743 4388
543 237
594 237
1293 233
1244 233
586 289
637 284
1243 237
387 192
1551 32
593 241
592 241
1396 676
542 250
1446 663
427 82
1455 105
1796 1887
882 410
881 345
832 254
737 317
1017 92
1016 92
1015 92
1014 92
672 196
1079 226
1080 226
1029 228
975 129
976 129
926 129
925 127
633 107
7701 1
630 107
632 107
1261 100
152 3
787 322
786 322
1030 132
931 132
1031 132
981 132
980 132
930 132
880 132
678 109
1067 92
526 136
831 320
1459 96
830 261
778 176
829 224
1315 129
206 4
1365 129
256 4
875 125
876 123
1308 99
879 146
929 146
928 146
673 204
631 116
679 116
681 116
1311 112
202 1
785 333
527 136
835 280
834 280
784 261
783 224
1460 118
351 3
1461 118
352 3
828 222
927 148
878 180
733 214
732 165
1364 140
255 4
877 180
826 128
827 148
777 124
776 122
610 40
611 40
119 96
1228 870
660 40
118 96
1227 666
659 40
658 40
1409 114
1414 144
305 4
1464 144
355 4
1463 142
354 4
1462 139
353 4
1411 122
302 1
1312 122
203 1
1412 124
303 4
1362 114
253 4
1410 114
301 3
1361 114
252 1
1358 114
1360 114
251 3
1359 114
674 211
723 211
661 40
120 96
1229 1095
680 122
528 136
726 122
1309 120
1310 120
201 3
1260 120
151 3
731 140
781 138
780 138
779 124
730 122
729 122
728 122
727 122
677 122
1265 122
156 4
724 119
725 119
675 119
578 136
676 122
625 122
1734 2700
627 122
626 122
577 136
576 136
575 122
1684 2700
1066 92
525 113
1259 123
1258 123
1257 121
1207 116
1206 115
223 112
1332 1919
1305 107
1256 115
173 113
1282 1734
1255 119
1205 115
524 102
1633 3024
1106 137
574 98
1683 2948
624 98
1733 2700
623 98
1732 2052
622 98
1113 100
4 1
572 93
1112 100
3 1
571 86
1111 109
2 1
570 67
1061 103
520 64
1156 145
1157 145
1011 88
470 62
573 60
1682 1437
1062 103
521 60
523 60
808 72
267 48
708 70
167 48
1276 273
707 64
166 48
1275 256
1063 100
522 60
1012 103
471 60
168 48
1277 283
709 82
268 48
809 82
218 48
759 82
217 48
1326 270
758 82
1013 96
472 60
1581 2542
422 60
1531 1975
853 48
312 48
1421 162
802 48
261 48
1370 154
803 48
262 48
1371 162
158 8
1267 112
956 109
415 60
208 8
1317 117
1006 115
465 60
209 8
1318 123
1007 154
466 58
751 45
210 8
1319 141
752 48
211 8
1320 127
161 8
1270 127
654 68
113 8
1222 112
911 82
370 48
1479 1153
162 8
1271 112
960 84
419 48
1528 677
704 70
163 8
1272 112
961 89
420 48
705 68
164 8
1273 112
962 97
421 48
1530 1440
655 76
114 8
1223 112
912 89
371 48
1480 1261
656 82
115 8
1224 326
657 45
116 8
1225 356
601 56
60 8
1169 112
858 72
317 48
1426 343
555 76
14 8
1123 126
604 54
63 8
1172 111
861 82
320 48
1429 1130
602 54
61 8
1170 93
603 54
62 8
1171 89
653 60
112 8
1221 108
910 82
369 48
1478 1101
652 54
111 8
1220 97
651 40
110 8
1219 113
107 8
1216 110
905 89
364 80
109 8
1218 104
907 131
366 48
108 8
1217 112
906 98
365 58
58 8
1167 110
856 72
315 50
59 8
1168 110
857 72
316 48
259 8
1057 154
516 58
5 8
1114 84
1060 102
519 66
9 8
1118 106
807 69
266 48
801 48
260 8
1369 150
1058 156
517 74
6 8
1115 118
804 48
263 48
1372 212
8 8
1117 110
806 65
265 48
7 8
1116 109
805 52
264 48
1373 212
55 8
1164 120
1110 109
1 1
569 66
57 8
1166 110
855 83
314 80
56 4
1165 120
854 48
313 48
106 4
1215 102
904 48
363 72
1161 109
52 1
620 66
105 4
1214 114
903 48
362 72
1160 109
51 1
619 66
409 8
155 4
1264 111
953 94
412 72
1210 120
101 3
669 72
410 8
153 3
1262 107
1208 120
667 70
954 109
413 72
670 72
411 72
154 1
1263 107
1209 123
668 70
157 4
1266 114
955 120
414 58
207 4
1316 115
1005 117
464 52
1004 94
463 52
205 4
1314 104
462 84
254 4
1363 104
511 52
304 4
1413 102
561 90
451 4
401 4
374 48
1483 3321
915 80
503 4
219 48
1328 381
760 119
453 4
169 48
1278 328
710 106
403 4
404 4
558 94
452 4
358 8
104 1
1213 107
1159 109
618 74
361 72
513 52
402 4
308 8
54 1
1163 112
1109 107
568 74
852 48
311 72
1420 162
324 48
1433 3039
865 80
608 94
257 4
1055 121
514 62
609 94
258 8
1056 115
515 60
1059 99
518 74
502 4
408 8
512 54
204 1
1313 107
461 72
560 88
16 8
1125 126
557 4
273 112
1382 2013
814 80
559 94
15 8
1124 126
556 4
272 112
1381 1799
813 80
501 4
10 8
1119 86
551 4
11 8
1120 88
552 4
12 8
1121 89
553 4
269 48
1378 409
810 137
13 8
1122 116
554 4
270 48
1379 1025
811 132
504 4
220 48
1329 1100
761 127
508 90
505 4
1303 94
221 48
1330 1012
762 132
405 4
121 96
1230 1067
662 100
509 94
506 4
222 112
1331 1727
1304 104
763 79
406 4
663 73
510 88
507 4
460 84
457 4
357 8
1155 117
614 68
103 3
1212 99
901 48
360 71
1158 115
617 70
407 4
53 3
1162 108
851 48
310 72
1108 156
567 70
356 4
613 72
102 3
1211 100
359 71
459 88
456 4
1254 94
172 104
1281 1490
713 75
71 96
1180 1165
612 100
458 88
455 4
171 96
1280 1012
712 100
454 4
170 48
1279 954
711 100
309 72
1107 158
566 74
306 4
563 52
21 96
1130 936
562 90
159 8
1268 113
957 122
416 58
701 43
160 8
1269 121
307 8
1105 122
564 68
1353 85
271 48
1380 1673
812 132
1010 88
469 66
212 48
1321 176
323 48
1432 2028
864 80
66 8
1175 355
607 92
373 48
1482 2534
914 80
319 48
1428 409
860 130
318 48
1427 373
859 136
372 58
1481 1251
913 80
754 82
213 48
1322 181
65 8
1174 298
606 82
322 48
1431 1507
863 80
368 48
1477 856
909 131
418 48
1527 677
959 131
417 48
1526 694
958 147
468 58
1009 157
755 82
214 48
1323 246
757 82
216 48
1325 270
756 82
215 48
1324 240
467 50
1008 154
321 48
1430 1772
862 80
64 8
605 80
367 48
908 141
706 82
165 48
1274 246
902 48
932 471
982 569
68 96
1177 355
983 579
1032 802
933 586
683 100
684 100
682 100
734 100
833 250
782 250
722 183
721 183
974 123
967 83
979 205
1458 80
1033 886
1083 1006
1082 1074
1133 1242
1134 1380
1132 1335
1135 1389
174 114
1283 1818
224 121
1333 1916
274 127
1383 2449
275 127
1384 3114
225 127
1334 2435
226 132
1335 1987
227 132
1336 1347
476 136
736 311
720 165
671 165
1185 1371
1085 1463
1186 1368
2434 18
77 112
1184 1371
628 100
1236 1365
127 121
1286 1365
177 134
934 694
883 709
935 813
984 824
1034 863
1035 863
985 901
69 96
1178 767
70 96
1179 1000
20 96
1129 930
1287 1347
178 136
19 96
1128 611
952 48
951 48
936 937
966 73
719 145
986 957
987 1116
978 188
1081 995
973 117
1183 1352
1182 1204
1181 1204
735 305
1337 1300
228 137
1338 1300
229 134
1387 1300
278 137
1388 1300
1438 1300
1439 1300
1489 1300
380 89
1490 1300
381 134
1440 1300
331 134
1037 1266
1038 1413
1437 1300
1088 1555
1138 1555
29 108
1137 1532
475 136
1584 3024
621 135
1086 1443
1084 1232
1087 1347
1136 1489
2384 18
27 103
1036 1347
629 90
579 96
1187 1597
1237 1669
128 129
1238 1765
129 134
1288 1836
179 134
1289 1836
180 134
1239 1836
130 129
18 96
1127 355
277 137
1408 69
702 48
937 973
276 141
1385 1215
1001 45
1002 45
1051 45
1003 45
1053 45
1054 45
1104 45
1154 45
1204 45
1441 1187
332 134
1442 1187
333 102
1491 1187
382 134
1541 1187
432 133
965 67
916 67
1028 169
1027 169
230 134
231 134
1131 936
938 943
1052 43
1102 43
1101 83
1152 83
1492 1120
1392 1120
283 102
1542 1120
281 134
474 136
1583 3056
1189 1704
80 129
769 128
819 128
820 128
818 128
821 128
871 252
771 224
870 238
921 256
922 256
923 256
872 256
873 256
822 256
772 238
770 222
874 256
924 256
824 256
939 975
988 924
888 850
989 922
1153 81
1151 81
1103 81
1065 103
1039 918
1203 41
1407 60
768 128
1023 107
1024 120
1073 105
1025 126
1075 126
1074 105
1072 105
580 79
530 79
964 63
326 141
1435 2055
325 144
1434 3358
1026 146
977 146
940 1130
1076 142
1126 142
17 96
685 296
884 732
885 783
886 877
866 60
473 136
1582 2542
431 133
482 135
1591 928
483 143
1592 889
533 151
1642 821
534 155
1643 821
535 155
1644 2011
823 246
703 47
753 47
990 1149
1040 1245
1090 1245
1089 1400
887 858
836 765
1068 104
1201 80
1233 1097
1232 1502
1284 1848
1234 1903
1235 1785
1285 1987
375 142
1484 3358
376 142
1485 2700
426 142
1535 2700
425 142
1534 3024
1393 876
284 102
485 171
1594 1948
1064 89
1343 876
1188 1555
79 116
1139 1555
30 104
1202 80
837 1043
889 1160
838 873
767 118
816 60
839 1159
1253 40
1252 40
1357 56
963 58
529 74
1593 1025
1543 1409
1533 3057
424 141
1532 3064
423 139
1231 1465
67 96
1176 356
117 96
1226 356
1018 104
773 222
686 296
687 325
688 402
1797 1887
738 465
739 597
789 607
788 773
840 1028
1544 1571
1645 1997
1356 102
1307 102
486 163
1595 2098
487 163
1596 2359
717 100
1342 629
233 104
479 80
790 975
1493 994
1251 40
1494 1248
1019 98
1020 98
969 98
488 169
1597 2938
1306 104
774 192
775 192
825 192
817 52
867 52
868 54
869 60
919 68
920 70
970 74
971 82
972 88
1022 88
1021 88
1071 88
1070 88
1545 2410
1546 2348
437 219
489 274
1598 2781
438 230
1292 487
1078 486
718 96
716 96
1069 86
1406 106
1456 106
1506 106
480 120
478 98
429 62
481 133
430 108
1647 2936
538 293
1648 2880
539 289
1646 3396
1697 2728
588 312
968 94
439 267
1548 1877
540 309
1649 2798
791 760
1443 697
334 102
741 760
590 316
1699 2348
591 309
589 316
1698 2325
1495 845
1445 855
531 162
532 131
581 194
582 225
583 259
541 293
584 302
1696 3825
1746 4057
1745 4183
636 288
1505 104
1077 439
31 104
1301 32
1302 32
1351 32
1352 32
32 104
81 104
82 104
1402 32
1401 32
132 104
131 104
181 104
182 104
232 104
282 104
1599 2348
1242 311
388 243
477 84
715 94
1744 4574
635 288
1695 4213
1748 2152
1747 2152
918 89
428 47
1451 32
1501 32
665 93
585 382
634 357
389 250
691 612
