0, 0
1e-05, 0
0.00032, 0
0.00243, 0
0.01024, 0
0.03125, 0
0.07776, 0
0.16807, 0
0.32768, 0
0.59049, 0
1, 0
1, 1e-05
1, 0.00032
1, 0.00243
1, 0.01024
1, 0.03125
1, 0.07776
1, 0.16807
1, 0.32768
1, 0.59049
1, 1
1, 1
1, 1
1, 1
1, 1
1, 1
1, 1
1, 1
1, 1
1, 1
1, 1
0.59049, 1.00001
0.32768, 1.00032
0.16807, 1.00243
0.07776, 1.01024
0.03125, 1.03125
0.01024, 1.07776
0.00243, 1.16807
0.00032, 1.32768
1e-05, 1.59049
0, 2
0, 2.00001
0, 2.00032
0, 2.00243
0, 2.01024
0, 2.03125
0, 2.07776
0, 2.16807
0, 2.32768
0, 2.59049
-8.95119e-58, 3
1e-05, 3.00001
0.00032, 3.00032
0.00243, 3.00243
0.01024, 3.01024
0.03125, 3.03125
0.07776, 3.07776
0.16807, 3.16807
0.32768, 3.32768
0.59049, 3.59049
1, 4
1.00001, 3.91854
1.00032, 3.73728
1.00243, 3.52822
1.01024, 3.33696
1.03125, 3.1875
1.07776, 3.08704
1.16807, 3.03078
1.32768, 3.00672
1.59049, 3.00046
2, 3
2.00046, 3
2.00672, 3
2.03078, 3
2.08704, 3
2.1875, 3
2.33696, 3
2.52822, 3
2.73728, 3
2.91854, 3
3, 3
3.00001, 3
3.00032, 3
3.00243, 3
3.01024, 3
3.03125, 3
3.07776, 3
3.16807, 3
3.32768, 3
3.59049, 3
4, 3
4, 3
4, 3
4, 3
4, 3
4, 3
4, 3
4, 3
4, 3
4, 3
4, 3
4, 2.59049
4, 2.32768
4, 2.16807
4, 2.07776
4, 2.03125
4, 2.01024
4, 2.00243
4, 2.00032
4, 2.00001
4, 2
4.00001, 1.5905
4.00032, 1.328
4.00243, 1.1705
4.01024, 1.088
4.03125, 1.0625
4.07776, 1.088
4.16807, 1.1705
4.32768, 1.328
4.59049, 1.5905
5, 2
5.32806, 1.59049
5.40992, 1.32768
5.36258, 1.16807
5.26944, 1.07776
5.1875, 1.03125
5.15456, 1.01024
5.19642, 1.00243
5.33408, 1.00032
5.59094, 1.00001
6, 1
6.00001, 1
6.00032, 1
6.00243, 1
6.01024, 1
6.03125, 1
6.07776, 1
6.16807, 1
6.32768, 1
6.59049, 1
7, 1
7.00001, 1
7.00032, 1
7.00243, 1
7.01024, 1
7.03125, 1
7.07776, 1
7.16807, 1
7.32768, 1
7.59049, 1
8, 1
7.91855, 0.59049
7.7376, 0.32768
7.53065, 0.16807
7.3472, 0.07776
7.21875, 0.03125
7.1648, 0.01024
7.19885, 0.00243
7.3344, 0.00032
7.59095, 1e-05
8, 0
8.00001, 0
8.00032, 0
8.00243, 0
8.01024, 0
8.03125, 0
8.07776, 0
8.16807, 0
8.32768, 0
8.59049, 0
9, 0
9.00001, 0
9.00032, 0
9.00243, 0
9.01024, 0
9.03125, 0
9.07776, 0
9.16807, 0
9.32768, 0
9.59049, 0
10, 0
10, 0
10.0003, 0
10.0024, 0
10.0102, 0
10.0313, 0
10.0778, 0
10.1681, 0
10.3277, 0
10.5905, 0
11, 8.00285e-43
11, 0.00046
11, 0.00672
11, 0.03078
11, 0.08704
11, 0.1875
11, 0.33696
11, 0.52822
11, 0.73728
11, 0.91854
11, 1
11, 1.00046
11, 1.00672
11, 1.03078
11, 1.08704
11, 1.1875
11, 1.33696
11, 1.52822
11, 1.73728
11, 1.91854
11, 2
11, 2.00001
11, 2.00032
11, 2.00243
11, 2.01024
11, 2.03125
11, 2.07776
11, 2.16807
11, 2.32768
11, 2.59049
11, 3
11, 3.00001
11, 3.00032
11, 3.00243
11, 3.01024
11, 3.03125
11, 3.07776
11, 3.16807
11, 3.32768
11, 3.59049
11, 4
10.5905, 3.91855
10.3277, 3.7376
10.1681, 3.53065
10.0778, 3.3472
10.0312, 3.21875
10.0102, 3.1648
10.0024, 3.19885
10.0003, 3.3344
10, 3.59095
10, 4
10, 4.00046
10, 4.00672
10, 4.03078
10, 4.08704
10, 4.1875
10, 4.33696
10, 4.52822
10, 4.73728
10, 4.91854
10, 5
10, 5.00045
10.0003, 5.0064
10.0024, 5.02835
10.0102, 5.0768
10.0313, 5.15625
10.0778, 5.2592
10.1681, 5.36015
10.3277, 5.4096
10.5905, 5.32805
11, 5
11, 5.00001
11, 5.00032
11, 5.00243
11, 5.01024
11, 5.03125
11, 5.07776
11, 5.16807
11, 5.32768
11, 5.59049
11, 6
11, 6
11, 6
11, 6
11, 6
11, 6
11, 6
11, 6
11, 6
11, 6
11, 6
10.5905, 6
10.3277, 6
10.1681, 6
10.0778, 6
10.0312, 6
10.0102, 6
10.0024, 6
10.0003, 6
10, 6
10, 6
9.59049, 6
9.32768, 6
9.16807, 6
9.07776, 6
9.03125, 6
9.01024, 6
9.00243, 6
9.00032, 6
9.00001, 6
9, 6
8.59049, 6
8.32768, 6
8.16807, 6
8.07776, 6
8.03125, 6
8.01024, 6
8.00243, 6
8.00032, 6
8.00001, 6
8, 6
8.00001, 5.91854
8.00032, 5.73728
8.00243, 5.52822
8.01024, 5.33696
8.03125, 5.1875
8.07776, 5.08704
8.16807, 5.03078
8.32768, 5.00672
8.59049, 5.00046
9, 5
9, 5
9, 5
9, 5
9, 5
9, 5
9, 5
9, 5
9, 5
9, 5
9, 5
9, 4.59049
9, 4.32768
9, 4.16807
9, 4.07776
9, 4.03125
9, 4.01024
9, 4.00243
9, 4.00032
9, 4.00001
9, 4
8.59049, 4
8.32768, 4
8.16807, 4
8.07776, 4
8.03125, 4
8.01024, 4
8.00243, 4
8.00032, 4
8.00001, 4
8, 4
7.59049, 4.00001
7.32768, 4.00032
7.16807, 4.00243
7.07776, 4.01024
7.03125, 4.03125
7.01024, 4.07776
7.00243, 4.16807
7.00032, 4.32768
7.00001, 4.59049
7, 5
7, 5.32805
7, 5.4096
7, 5.36015
7, 5.2592
7, 5.15625
7, 5.0768
7, 5.02835
7, 5.0064
7, 5.00045
7, 5
6.59049, 5
6.32768, 5
6.16807, 5
6.07776, 5
6.03125, 5
6.01024, 5
6.00243, 5
6.00032, 5
6.00001, 5
6, 5
6.00046, 4.59049
6.00672, 4.32768
6.03078, 4.16807
6.08704, 4.07776
6.1875, 4.03125
6.33696, 4.01024
6.52822, 4.00243
6.73728, 4.00032
6.91854, 4.00001
7, 4
6.59049, 3.59049
6.32768, 3.32768
6.16807, 3.16807
6.07776, 3.07776
6.03125, 3.03125
6.01024, 3.01024
6.00243, 3.00243
6.00032, 3.00032
6.00001, 3.00001
6, 3
6.00045, 2.59049
6.0064, 2.32768
6.02835, 2.16807
6.0768, 2.07776
6.15625, 2.03125
6.2592, 2.01024
6.36015, 2.00243
6.4096, 2.00032
6.32805, 2.00001
6, 2
5.59094, 2.00001
5.33408, 2.00032
5.19642, 2.00243
5.15456, 2.01024
5.1875, 2.03125
5.26944, 2.07776
5.36258, 2.16807
5.40992, 2.32768
5.32806, 2.59049
5, 3
5, 3.00001
5, 3.00032
5, 3.00243
5, 3.01024
5, 3.03125
5, 3.07776
5, 3.16807
5, 3.32768
5, 3.59049
5, 4
5, 4.00001
5, 4.00032
5, 4.00243
5, 4.01024
5, 4.03125
5, 4.07776
5, 4.16807
5, 4.32768
5, 4.59049
5, 5
4.59049, 4.919
4.32768, 4.744
4.16807, 4.559
4.07776, 4.424
4.03125, 4.375
4.01024, 4.424
4.00243, 4.559
4.00032, 4.744
4.00001, 4.919
4, 5
4.00046, 5
4.00672, 5
4.03078, 5
4.08704, 5
4.1875, 5
4.33696, 5
4.52822, 5
4.73728, 5
4.91854, 5
5, 5
5, 5.00001
5, 5.00032
5, 5.00243
5, 5.01024
5, 5.03125
5, 5.07776
5, 5.16807
5, 5.32768
5, 5.59049
5, 6
5, 6.00046
5, 6.00672
5, 6.03078
5, 6.08704
5, 6.1875
5, 6.33696
5, 6.52822
5, 6.73728
5, 6.91854
5, 7
4.91854, 6.5905
4.73728, 6.328
4.52822, 6.1705
4.33696, 6.088
4.1875, 6.0625
4.08704, 6.088
4.03078, 6.1705
4.00672, 6.328
4.00046, 6.5905
4, 7
3.59049, 6.91854
3.32768, 6.73728
3.16807, 6.52822
3.07776, 6.33696
3.03125, 6.1875
3.01024, 6.08704
3.00243, 6.03078
3.00032, 6.00672
3.00001, 6.00046
3, 6
3, 5.59049
3, 5.32768
3, 5.16807
3, 5.07776
3, 5.03125
3, 5.01024
3, 5.00243
3, 5.00032
3, 5.00001
3, 5
3.00045, 4.91854
3.0064, 4.73728
3.02835, 4.52822
3.0768, 4.33696
3.15625, 4.1875
3.2592, 4.08704
3.36015, 4.03078
3.4096, 4.00672
3.32805, 4.00046
3, 4
2.59049, 4.00046
2.32768, 4.00672
2.16807, 4.03078
2.07776, 4.08704
2.03125, 4.1875
2.01024, 4.33696
2.00243, 4.52822
2.00032, 4.73728
2.00001, 4.91854
2, 5
2.00045, 5
2.0064, 5
2.02835, 5
2.0768, 5
2.15625, 5
2.2592, 5
2.36015, 5
2.4096, 5
2.32805, 5
2, 5
1.59049, 5.00001
1.32768, 5.00032
1.16807, 5.00243
1.07776, 5.01024
1.03125, 5.03125
1.01024, 5.07776
1.00243, 5.16807
1.00032, 5.32768
1.00001, 5.59049
1, 6
1, 6.00046
1, 6.00672
1, 6.03078
1, 6.08704
1, 6.1875
1, 6.33696
1, 6.52822
1, 6.73728
1, 6.91854
1, 7
0.59049, 6.5905
0.32768, 6.328
0.16807, 6.1705
0.07776, 6.088
0.03125, 6.0625
0.01024, 6.088
0.00243, 6.1705
0.00032, 6.328
1e-05, 6.5905
0, 7
0, 7.00001
0, 7.00032
0, 7.00243
0, 7.01024
0, 7.03125
0, 7.07776
0, 7.16807
0, 7.32768
0, 7.59049
2.45275e-53, 8
1e-05, 8
0.00032, 8
0.00243, 8
0.01024, 8
0.03125, 8
0.07776, 8
0.16807, 8
0.32768, 8
0.59049, 8
1, 8
1, 8
1, 8
1, 8
1, 8
1, 8
1, 8
1, 8
1, 8
1, 8
1, 8
1.00001, 7.59049
1.00032, 7.32768
1.00243, 7.16807
1.01024, 7.07776
1.03125, 7.03125
1.07776, 7.01024
1.16807, 7.00243
1.32768, 7.00032
1.59049, 7.00001
2, 7
2.00046, 7.00001
2.00672, 7.00032
2.03078, 7.00243
2.08704, 7.01024
2.1875, 7.03125
2.33696, 7.07776
2.52822, 7.16807
2.73728, 7.32768
2.91854, 7.59049
3, 8
2.59049, 8.00001
2.32768, 8.00032
2.16807, 8.00243
2.07776, 8.01024
2.03125, 8.03125
2.01024, 8.07776
2.00243, 8.16807
2.00032, 8.32768
2.00001, 8.59049
2, 9
2, 9.00046
2, 9.00672
2, 9.03078
2, 9.08704
2, 9.1875
2, 9.33696
2, 9.52822
2, 9.73728
2, 9.91854
2, 10
2.00046, 10
2.00672, 10.0003
2.03078, 10.0024
2.08704, 10.0102
2.1875, 10.0313
2.33696, 10.0778
2.52822, 10.1681
2.73728, 10.3277
2.91854, 10.5905
3, 11
2.59049, 11
2.32768, 11
2.16807, 11
2.07776, 11
2.03125, 11
2.01024, 11
2.00243, 11
2.00032, 11
2.00001, 11
2, 11
1.59049, 11
1.32768, 11
1.16807, 11
1.07776, 11
1.03125, 11
1.01024, 11
1.00243, 11
1.00032, 11
1.00001, 11
1, 11
1, 10.5905
1, 10.3277
1, 10.1681
1, 10.0778
1, 10.0312
1, 10.0102
1, 10.0024
1, 10.0003
1, 10
1, 10
0.59049, 10
0.32768, 10.0003
0.16807, 10.0024
0.07776, 10.0102
0.03125, 10.0313
0.01024, 10.0778
0.00243, 10.1681
0.00032, 10.3277
1e-05, 10.5905
0, 11
0, 11
0, 11.0003
0, 11.0024
0, 11.0102
0, 11.0313
0, 11.0778
0, 11.1681
0, 11.3277
0, 11.5905
8.21038e-42, 12
0.00046, 12
0.00672, 12
0.03078, 12
0.08704, 12
0.1875, 12
0.33696, 12
0.52822, 12
0.73728, 12
0.91854, 12
1, 12
1, 12.0005
1, 12.0067
1, 12.0308
1, 12.087
1, 12.1875
1, 12.337
1, 12.5282
1, 12.7373
1, 12.9185
1, 13
1, 13
1, 13
1, 13
1, 13
1, 13
1, 13
1, 13
1, 13
1, 13
1, 13
0.59049, 13
0.32768, 13.0003
0.16807, 13.0024
0.07776, 13.0102
0.03125, 13.0313
0.01024, 13.0778
0.00243, 13.1681
0.00032, 13.3277
1e-05, 13.5905
0, 14
0, 14
0, 14.0003
0, 14.0024
0, 14.0102
0, 14.0313
0, 14.0778
0, 14.1681
0, 14.3277
0, 14.5905
8.42298e-53, 15
1e-05, 15
0.00032, 15.0003
0.00243, 15.0024
0.01024, 15.0102
0.03125, 15.0313
0.07776, 15.0778
0.16807, 15.1681
0.32768, 15.3277
0.59049, 15.5905
1, 16
1.00001, 15.5905
1.00032, 15.3277
1.00243, 15.1681
1.01024, 15.0778
1.03125, 15.0312
1.07776, 15.0102
1.16807, 15.0024
1.32768, 15.0003
1.59049, 15
2, 15
2, 15
2, 15
2, 15
2, 15
2, 15
2, 15
2, 15
2, 15
2, 15
2, 15
2, 14.9185
2, 14.7373
2, 14.5282
2, 14.337
2, 14.1875
2, 14.087
2, 14.0308
2, 14.0067
2, 14.0005
2, 14
2.00001, 13.5905
2.00032, 13.3277
2.00243, 13.1681
2.01024, 13.0778
2.03125, 13.0312
2.07776, 13.0102
2.16807, 13.0024
2.32768, 13.0003
2.59049, 13
3, 13
3, 13
3, 13
3, 13
3, 13
3, 13
3, 13
3, 13
3, 13
3, 13
3, 13
3, 12.5905
3, 12.3277
3, 12.1681
3, 12.0778
3, 12.0312
3, 12.0102
3, 12.0024
3, 12.0003
3, 12
3, 12
3.00046, 11.5905
3.00672, 11.3277
3.03078, 11.1681
3.08704, 11.0778
3.1875, 11.0312
3.33696, 11.0102
3.52822, 11.0024
3.73728, 11.0003
3.91854, 11
4, 11
3.5905, 10.5905
3.328, 10.3277
3.1705, 10.1681
3.088, 10.0778
3.0625, 10.0312
3.088, 10.0102
3.1705, 10.0024
3.328, 10.0003
3.5905, 10
4, 10
4, 10
4, 10
4, 10
4, 10
4, 10
4, 10
4, 10
4, 10
4, 10
4, 10
4.00046, 9.91854
4.00672, 9.73728
4.03078, 9.52822
4.08704, 9.33696
4.1875, 9.1875
4.33696, 9.08704
4.52822, 9.03078
4.73728, 9.00672
4.91854, 9.00046
5, 9
5, 9
5, 9
5, 9
5, 9
5, 9
5, 9
5, 9
5, 9
5, 9
5, 9
5, 8.59049
5, 8.32768
5, 8.16807
5, 8.07776
5, 8.03125
5, 8.01024
5, 8.00243
5, 8.00032
5, 8.00001
5, 8
4.59049, 8
4.32768, 8
4.16807, 8
4.07776, 8
4.03125, 8
4.01024, 8
4.00243, 8
4.00032, 8
4.00001, 8
4, 8
4.00001, 7.59049
4.00032, 7.32768
4.00243, 7.16807
4.01024, 7.07776
4.03125, 7.03125
4.07776, 7.01024
4.16807, 7.00243
4.32768, 7.00032
4.59049, 7.00001
5, 7
5.00001, 7
5.00032, 7
5.00243, 7
5.01024, 7
5.03125, 7
5.07776, 7
5.16807, 7
5.32768, 7
5.59049, 7
6, 7
6.00001, 7
6.00032, 7
6.00243, 7
6.01024, 7
6.03125, 7
6.07776, 7
6.16807, 7
6.32768, 7
6.59049, 7
7, 7
7.00001, 7.00046
7.00032, 7.00672
7.00243, 7.03078
7.01024, 7.08704
7.03125, 7.1875
7.07776, 7.33696
7.16807, 7.52822
7.32768, 7.73728
7.59049, 7.91854
8, 8
8.00001, 7.5905
8.00032, 7.328
8.00243, 7.1705
8.01024, 7.088
8.03125, 7.0625
8.07776, 7.088
8.16807, 7.1705
8.32768, 7.328
8.59049, 7.5905
9, 8
8.59049, 8.00001
8.32768, 8.00032
8.16807, 8.00243
8.07776, 8.01024
8.03125, 8.03125
8.01024, 8.07776
8.00243, 8.16807
8.00032, 8.32768
8.00001, 8.59049
8, 9
8, 9.00001
8, 9.00032
8, 9.00243
8, 9.01024
8, 9.03125
8, 9.07776
8, 9.16807
8, 9.32768
8, 9.59049
8, 10
8.00046, 10
8.00672, 10
8.03078, 10
8.08704, 10
8.1875, 10
8.33696, 10
8.52822, 10
8.73728, 10
8.91854, 10
9, 10
9, 10.0005
9, 10.0067
9, 10.0308
9, 10.087
9, 10.1875
9, 10.337
9, 10.5282
9, 10.7373
9, 10.9185
9, 11
9.00001, 11
9.00032, 11
9.00243, 11
9.01024, 11
9.03125, 11
9.07776, 11
9.16807, 11
9.32768, 11
9.59049, 11
10, 11
10, 11
10, 11.0003
10, 11.0024
10, 11.0102
10, 11.0313
10, 11.0778
10, 11.1681
10, 11.3277
10, 11.5905
10, 12
10, 12
10, 12
10, 12
10, 12
10, 12
10, 12
10, 12
10, 12
10, 12
10, 12
9.91854, 12
9.73728, 12.0003
9.52822, 12.0024
9.33696, 12.0102
9.1875, 12.0313
9.08704, 12.0778
9.03078, 12.1681
9.00672, 12.3277
9.00046, 12.5905
9, 13
9, 13
9, 13.0003
9, 13.0024
9, 13.0102
9, 13.0313
9, 13.0778
9, 13.1681
9, 13.3277
9, 13.5905
9, 14
8.59049, 13.5905
8.32768, 13.328
8.16807, 13.1705
8.07776, 13.088
8.03125, 13.0625
8.01024, 13.088
8.00243, 13.1705
8.00032, 13.328
8.00001, 13.5905
8, 14
8, 14
8, 14.0003
8, 14.0024
8, 14.0102
8, 14.0313
8, 14.0778
8, 14.1681
8, 14.3277
8, 14.5905
8, 15
8.00001, 15
8.00032, 15
8.00243, 15
8.01024, 15
8.03125, 15
8.07776, 15
8.16807, 15
8.32768, 15
8.59049, 15
9, 15
9.00001, 15
9.00032, 15.0003
9.00243, 15.0024
9.01024, 15.0102
9.03125, 15.0313
9.07776, 15.0778
9.16807, 15.1681
9.32768, 15.3277
9.59049, 15.5905
10, 16
10, 15.919
10, 15.744
10, 15.559
10, 15.424
10, 15.375
10, 15.424
10, 15.559
10, 15.744
10, 15.919
10, 16
10, 16
10, 16.0003
10, 16.0024
10, 16.0102
10, 16.0313
10, 16.0778
10, 16.1681
10, 16.3277
10, 16.5905
10, 17
10.0004, 17
10.0064, 17
10.0284, 17
10.0768, 17
10.1563, 17
10.2592, 17
10.3602, 17
10.4096, 17
10.328, 17
10, 17
9.59049, 17
9.32768, 17
9.16807, 17
9.07776, 17
9.03125, 17
9.01024, 17
9.00243, 17
9.00032, 17
9.00001, 17
9, 17
9, 16.9185
9, 16.7373
9, 16.5282
9, 16.337
9, 16.1875
9, 16.087
9, 16.0308
9, 16.0067
9, 16.0005
9, 16
8.91854, 16.0005
8.73728, 16.0067
8.52822, 16.0308
8.33696, 16.087
8.1875, 16.1875
8.08704, 16.337
8.03078, 16.5282
8.00672, 16.7373
8.00046, 16.9185
8, 17
8, 17.0005
8, 17.0067
8, 17.0308
8, 17.087
8, 17.1875
8, 17.337
8, 17.5282
8, 17.7373
8, 17.9185
8, 18
8, 18
8, 18
8, 18
8, 18
8, 18
8, 18
8, 18
8, 18
8, 18
8, 18
7.59049, 18
7.32768, 18.0003
7.16807, 18.0024
7.07776, 18.0102
7.03125, 18.0313
7.01024, 18.0778
7.00243, 18.1681
7.00032, 18.3277
7.00001, 18.5905
7, 19
6.59049, 18.9185
6.32768, 18.7376
6.16807, 18.5306
6.07776, 18.3472
6.03125, 18.2187
6.01024, 18.1648
6.00243, 18.1989
6.00032, 18.3344
6.00001, 18.591
6, 19
6, 19
6, 19
6, 19
6, 19
6, 19
6, 19
6, 19
6, 19
6, 19
6, 19
5.91854, 19
5.73728, 19.0003
5.52822, 19.0024
5.33696, 19.0102
5.1875, 19.0313
5.08704, 19.0778
5.03078, 19.1681
5.00672, 19.3277
5.00046, 19.5905
5, 20
5.00001, 20
5.00032, 20
5.00243, 20
5.01024, 20
5.03125, 20
5.07776, 20
5.16807, 20
5.32768, 20
5.59049, 20
6, 20
6.00046, 20.0005
6.00672, 20.0067
6.03078, 20.0308
6.08704, 20.087
6.1875, 20.1875
6.33696, 20.337
6.52822, 20.5282
6.73728, 20.7373
6.91854, 20.9185
7, 21
6.5905, 21
6.328, 21.0003
6.1705, 21.0024
6.088, 21.0102
6.0625, 21.0313
6.088, 21.0778
6.1705, 21.1681
6.328, 21.3277
6.5905, 21.5905
7, 22
7.00001, 21.5905
7.00032, 21.3277
7.00243, 21.1681
7.01024, 21.0778
7.03125, 21.0312
7.07776, 21.0102
7.16807, 21.0024
7.32768, 21.0003
7.59049, 21
8, 21
8.00001, 21
8.00032, 21.0003
8.00243, 21.0024
8.01024, 21.0102
8.03125, 21.0313
8.07776, 21.0778
8.16807, 21.1681
8.32768, 21.3277
8.59049, 21.5905
9, 22
9, 21.5905
9, 21.3277
9, 21.1681
9, 21.0778
9, 21.0312
9, 21.0102
9, 21.0024
9, 21.0003
9, 21
9, 21
9, 20.5905
9, 20.3277
9, 20.1681
9, 20.0778
9, 20.0312
9, 20.0102
9, 20.0024
9, 20.0003
9, 20
9, 20
9.00046, 19.5909
9.00672, 19.3341
9.03078, 19.1964
9.08704, 19.1546
9.1875, 19.1875
9.33696, 19.2694
9.52822, 19.3626
9.73728, 19.4099
9.91854, 19.3281
10, 19
10, 19
10.0003, 19.0003
10.0024, 19.0024
10.0102, 19.0102
10.0313, 19.0313
10.0778, 19.0778
10.1681, 19.1681
10.3277, 19.3277
10.5905, 19.5905
11, 20
11, 19.9185
11, 19.7376
11, 19.5306
11, 19.3472
11, 19.2187
11, 19.1648
11, 19.1989
11, 19.3344
11, 19.591
11, 20
11.0005, 20.0005
11.0067, 20.0067
11.0308, 20.0308
11.087, 20.087
11.1875, 20.1875
11.337, 20.337
11.5282, 20.5282
11.7373, 20.7373
11.9185, 20.9185
12, 21
11.5905, 21
11.328, 21.0003
11.1705, 21.0024
11.088, 21.0102
11.0625, 21.0313
11.088, 21.0778
11.1705, 21.1681
11.328, 21.3277
11.5905, 21.5905
12, 22
12, 21.919
12, 21.744
12, 21.559
12, 21.424
12, 21.375
12, 21.424
12, 21.559
12, 21.744
12, 21.919
12, 22
12, 22.0005
12, 22.0067
12, 22.0308
12, 22.087
12, 22.1875
12, 22.337
12, 22.5282
12, 22.7373
12, 22.9185
12, 23
12, 23
12, 23
12, 23
12, 23
12, 23
12, 23
12, 23
12, 23
12, 23
12, 23
11.5905, 23.3281
11.3277, 23.4099
11.1681, 23.3626
11.0778, 23.2694
11.0312, 23.1875
11.0102, 23.1546
11.0024, 23.1964
11.0003, 23.3341
11, 23.5909
11, 24
10.5905, 23.5905
10.3277, 23.328
10.1681, 23.1705
10.0778, 23.088
10.0312, 23.0625
10.0102, 23.088
10.0024, 23.1705
10.0003, 23.328
10, 23.5905
10, 24
10, 24
10.0003, 24
10.0024, 24
10.0102, 24
10.0313, 24
10.0778, 24
10.1681, 24
10.3277, 24
10.5905, 24
11, 24
11.3281, 24
11.4096, 24.0003
11.3601, 24.0024
11.2592, 24.0102
11.1562, 24.0313
11.0768, 24.0778
11.0283, 24.1681
11.0064, 24.3277
11.0004, 24.5905
11, 25
11.0005, 25.0005
11.0067, 25.0064
11.0308, 25.0284
11.087, 25.0768
11.1875, 25.1563
11.337, 25.2592
11.5282, 25.3602
11.7373, 25.4096
11.9185, 25.328
12, 25
12.0005, 25
12.0067, 25
12.0308, 25
12.087, 25
12.1875, 25
12.337, 25
12.5282, 25
12.7373, 25
12.9185, 25
13, 25
13, 25
13.0003, 25
13.0024, 25
13.0102, 25
13.0313, 25
13.0778, 25
13.1681, 25
13.3277, 25
13.5905, 25
14, 25
14, 25
14.0003, 25
14.0024, 25
14.0102, 25
14.0313, 25
14.0778, 25
14.1681, 25
14.3277, 25
14.5905, 25
15, 25
15.0005, 25
15.0064, 25.0003
15.0284, 25.0024
15.0768, 25.0102
15.1563, 25.0313
15.2592, 25.0778
15.3602, 25.1681
15.4096, 25.3277
15.328, 25.5905
15, 26
15.0005, 26
15.0067, 26
15.0308, 26
15.087, 26
15.1875, 26
15.337, 26
15.5282, 26
15.7373, 26
15.9185, 26
16, 26
16.0005, 26
16.0067, 26
16.0308, 26
16.087, 26
16.1875, 26
16.337, 26
16.5282, 26
16.7373, 26
16.9185, 26
17, 26
17.0005, 26.0005
17.0067, 26.0067
17.0308, 26.0308
17.087, 26.087
17.1875, 26.1875
17.337, 26.337
17.5282, 26.5282
17.7373, 26.7373
17.9185, 26.9185
18, 27
17.5905, 27
17.3277, 27.0003
17.1681, 27.0024
17.0778, 27.0102
17.0312, 27.0313
17.0102, 27.0778
17.0024, 27.1681
17.0003, 27.3277
17, 27.5905
17, 28
16.5905, 27.9185
16.3277, 27.7376
16.1681, 27.5306
16.0778, 27.3472
16.0312, 27.2187
16.0102, 27.1648
16.0024, 27.1989
16.0003, 27.3344
16, 27.591
16, 28
16, 28.0005
16, 28.0067
16, 28.0308
16, 28.087
16, 28.1875
16, 28.337
16, 28.5282
16, 28.7373
16, 28.9185
16, 29
16.0004, 29
16.0064, 29.0003
16.0284, 29.0024
16.0768, 29.0102
16.1563, 29.0313
16.2592, 29.0778
16.3602, 29.1681
16.4096, 29.3277
16.328, 29.5905
16, 30
16, 30
16.0003, 30
16.0024, 30
16.0102, 30
16.0313, 30
16.0778, 30
16.1681, 30
16.3277, 30
16.5905, 30
17, 30
17.3281, 30
17.4096, 30.0003
17.3601, 30.0024
17.2592, 30.0102
17.1562, 30.0313
17.0768, 30.0778
17.0283, 30.1681
17.0064, 30.3277
17.0004, 30.5905
17, 31
17, 31
17.0003, 31
17.0024, 31
17.0102, 31
17.0313, 31
17.0778, 31
17.1681, 31
17.3277, 31
17.5905, 31
18, 31
18, 31
18.0003, 31
18.0024, 31
18.0102, 31
18.0313, 31
18.0778, 31
18.1681, 31
18.3277, 31
18.5905, 31
19, 31
19, 31
19.0003, 31
19.0024, 31
19.0102, 31
19.0313, 31
19.0778, 31
19.1681, 31
19.3277, 31
19.5905, 31
20, 31
20.0005, 31.0005
20.0067, 31.0067
20.0308, 31.0308
20.087, 31.087
20.1875, 31.1875
20.337, 31.337
20.5282, 31.5282
20.7373, 31.7373
20.9185, 31.9185
21, 32
20.5905, 32
20.328, 32.0003
20.1705, 32.0024
20.088, 32.0102
20.0625, 32.0313
20.088, 32.0778
20.1705, 32.1681
20.328, 32.3277
20.5905, 32.5905
21, 33
21.0005, 32.9185
21.0067, 32.7373
21.0308, 32.5282
21.087, 32.337
21.1875, 32.1875
21.337, 32.087
21.5282, 32.0308
21.7373, 32.0067
21.9185, 32.0005
22, 32
22, 32.0005
22, 32.0067
22, 32.0308
22, 32.087
22, 32.1875
22, 32.337
22, 32.5282
22, 32.7373
22, 32.9185
22, 33
22, 33.0005
22, 33.0067
22, 33.0308
22, 33.087
22, 33.1875
22, 33.337
22, 33.5282
22, 33.7373
22, 33.9185
22, 34
22, 34
22.0003, 34.0003
22.0024, 34.0024
22.0102, 34.0102
22.0313, 34.0313
22.0778, 34.0778
22.1681, 34.1681
22.3277, 34.3277
22.5905, 34.5905
23, 35
23, 34.9185
23, 34.7373
23, 34.5282
23, 34.337
23, 34.1875
23, 34.087
23, 34.0308
23, 34.0067
23, 34.0005
23, 34
23, 33.9185
23, 33.7373
23, 33.5282
23, 33.337
23, 33.1875
23, 33.087
23, 33.0308
23, 33.0067
23, 33.0005
23, 33
23.0005, 32.9185
23.0067, 32.7373
23.0308, 32.5282
23.087, 32.337
23.1875, 32.1875
23.337, 32.087
23.5282, 32.0308
23.7373, 32.0067
23.9185, 32.0005
24, 32
24, 32
24.0003, 32
24.0024, 32
24.0102, 32
24.0313, 32
24.0778, 32
24.1681, 32
24.3277, 32
24.5905, 32
25, 32
25.0005, 32.0005
25.0067, 32.0067
25.0308, 32.0308
25.087, 32.087
25.1875, 32.1875
25.337, 32.337
25.5282, 32.5282
25.7373, 32.7373
25.9185, 32.9185
26, 33
26, 32.5905
26.0003, 32.3277
26.0024, 32.1681
26.0102, 32.0778
26.0313, 32.0312
26.0778, 32.0102
26.1681, 32.0024
26.3277, 32.0003
26.5905, 32
27, 32
26.5909, 31.5905
26.3344, 31.3277
26.1988, 31.1681
26.1648, 31.0778
26.2188, 31.0312
26.3472, 31.0102
26.5307, 31.0024
26.7376, 31.0003
26.9186, 31
27, 31
27, 31
27, 31.0003
27, 31.0024
27, 31.0102
27, 31.0313
27, 31.0778
27, 31.1681
27, 31.3277
27, 31.5905
27, 32
27.0005, 32
27.0067, 32
27.0308, 32
27.087, 32
27.1875, 32
27.337, 32
27.5282, 32
27.7373, 32
27.9185, 32
28, 32
28, 32.0005
28.0003, 32.0067
28.0024, 32.0308
28.0102, 32.087
28.0313, 32.1875
28.0778, 32.337
28.1681, 32.5282
28.3277, 32.7373
28.5905, 32.9185
29, 33
29, 32.5905
29.0003, 32.3277
29.0024, 32.1681
29.0102, 32.0778
29.0313, 32.0312
29.0778, 32.0102
29.1681, 32.0024
29.3277, 32.0003
29.5905, 32
30, 32
30, 32
30.0003, 32.0003
30.0024, 32.0024
30.0102, 32.0102
30.0313, 32.0313
30.0778, 32.0778
30.1681, 32.1681
30.3277, 32.3277
30.5905, 32.5905
31, 33
31, 32.5905
31.0003, 32.3277
31.0024, 32.1681
31.0102, 32.0778
31.0313, 32.0312
31.0778, 32.0102
31.1681, 32.0024
31.3277, 32.0003
31.5905, 32
32, 32
32, 32
32.0003, 32
32.0024, 32
32.0102, 32
32.0313, 32
32.0778, 32
32.1681, 32
32.3277, 32
32.5905, 32
33, 32
33, 32.0005
33, 32.0067
33, 32.0308
33, 32.087
33, 32.1875
33, 32.337
33, 32.5282
33, 32.7373
33, 32.9185
33, 33
33.0005, 33
33.0067, 33
33.0308, 33
33.087, 33
33.1875, 33
33.337, 33
33.5282, 33
33.7373, 33
33.9185, 33
34, 33
34, 33
34, 33
34, 33
34, 33
34, 33
34, 33
34, 33
34, 33
34, 33
34, 33
34.0005, 32.5905
34.0064, 32.3277
34.0284, 32.1681
34.0768, 32.0778
34.1563, 32.0312
34.2592, 32.0102
34.3602, 32.0024
34.4096, 32.0003
34.328, 32
34, 32
34, 31.5905
34, 31.3277
34, 31.1681
34, 31.0778
34, 31.0312
34, 31.0102
34, 31.0024
34, 31.0003
34, 31
34, 31
33.5905, 31.3281
33.3277, 31.4099
33.1681, 31.3626
33.0778, 31.2694
33.0312, 31.1875
33.0102, 31.1546
33.0024, 31.1964
33.0003, 31.3341
33, 31.5909
33, 32
32.5909, 31.9185
32.3344, 31.7373
32.1988, 31.5282
32.1648, 31.337
32.2188, 31.1875
32.3472, 31.087
32.5307, 31.0308
32.7376, 31.0067
32.9186, 31.0005
33, 31
32.5905, 30.5905
32.328, 30.3277
32.1705, 30.1681
32.088, 30.0778
32.0625, 30.0312
32.088, 30.0102
32.1705, 30.0024
32.328, 30.0003
32.5905, 30
33, 30
33, 30
33.0003, 30
33.0024, 30
33.0102, 30
33.0313, 30
33.0778, 30
33.1681, 30
33.3277, 30
33.5905, 30
34, 30
33.919, 29.5905
33.744, 29.328
33.559, 29.1705
33.424, 29.088
33.375, 29.0625
33.424, 29.088
33.559, 29.1705
33.744, 29.328
33.919, 29.5905
34, 30
34, 29.5905
34.0003, 29.328
34.0024, 29.1705
34.0102, 29.088
34.0313, 29.0625
34.0778, 29.088
34.1681, 29.1705
34.3277, 29.328
34.5905, 29.5905
35, 30
35, 29.5905
35.0003, 29.328
35.0024, 29.1705
35.0102, 29.088
35.0313, 29.0625
35.0778, 29.088
35.1681, 29.1705
35.3277, 29.328
35.5905, 29.5905
36, 30
35.9185, 30.0005
35.7373, 30.0067
35.5282, 30.0308
35.337, 30.087
35.1875, 30.1875
35.087, 30.337
35.0308, 30.5282
35.0067, 30.7373
35.0005, 30.9185
35, 31
35, 31.0005
35, 31.0067
35, 31.0308
35, 31.087
35, 31.1875
35, 31.337
35, 31.5282
35, 31.7373
35, 31.9185
35, 32
35, 32
35.0003, 32
35.0024, 32
35.0102, 32
35.0313, 32
35.0778, 32
35.1681, 32
35.3277, 32
35.5905, 32
36, 32
36, 32.0005
36, 32.0067
36, 32.0308
36, 32.087
36, 32.1875
36, 32.337
36, 32.5282
36, 32.7373
36, 32.9185
36, 33
36, 33
36, 33.0003
36, 33.0024
36, 33.0102
36, 33.0313
36, 33.0778
36, 33.1681
36, 33.3277
36, 33.5905
36, 34
36, 34
36.0003, 34
36.0024, 34
36.0102, 34
36.0313, 34
36.0778, 34
36.1681, 34
36.3277, 34
36.5905, 34
37, 34
37, 34
37.0003, 34.0003
37.0024, 34.0024
37.0102, 34.0102
37.0313, 34.0313
37.0778, 34.0778
37.1681, 34.1681
37.3277, 34.3277
37.5905, 34.5905
38, 35
38, 34.9185
38, 34.7376
38, 34.5306
38, 34.3472
38, 34.2187
38, 34.1648
38, 34.1989
38, 34.3344
38, 34.591
38, 35
38, 35
38, 35.0003
38, 35.0024
38, 35.0102
38, 35.0313
38, 35.0778
38, 35.1681
38, 35.3277
38, 35.5905
38, 36
38, 36.0005
38.0003, 36.0067
38.0024, 36.0308
38.0102, 36.087
38.0313, 36.1875
38.0778, 36.337
38.1681, 36.5282
38.3277, 36.7373
38.5905, 36.9185
39, 37
39.0005, 36.5905
39.0067, 36.3277
39.0308, 36.1681
39.087, 36.0778
39.1875, 36.0312
39.337, 36.0102
39.5282, 36.0024
39.7373, 36.0003
39.9185, 36
40, 36
40.0005, 36
40.0067, 36
40.0308, 36
40.087, 36
40.1875, 36
40.337, 36
40.5282, 36
40.7373, 36
40.9185, 36
41, 36
41, 36.0004
41, 36.0064
41, 36.0284
41, 36.0768
41, 36.1563
41, 36.2592
41, 36.3602
41, 36.4096
41, 36.328
41, 36
41, 35.5905
41.0003, 35.3277
41.0024, 35.1681
41.0102, 35.0778
41.0313, 35.0312
41.0778, 35.0102
41.1681, 35.0024
41.3277, 35.0003
41.5905, 35
42, 35
42, 35
42.0003, 35
42.0024, 35
42.0102, 35
42.0313, 35
42.0778, 35
42.1681, 35
42.3277, 35
42.5905, 35
43, 35
43, 35
43, 35
43, 35
43, 35
43, 35
43, 35
43, 35
43, 35
43, 35
43, 35
43, 34.5905
43.0003, 34.3277
43.0024, 34.1681
43.0102, 34.0778
43.0313, 34.0312
43.0778, 34.0102
43.1681, 34.0024
43.3277, 34.0003
43.5905, 34
44, 34
44, 34
44.0003, 34
44.0024, 34
44.0102, 34
44.0313, 34
44.0778, 34
44.1681, 34
44.3277, 34
44.5905, 34
45, 34
45, 34
45, 34.0003
45, 34.0024
45, 34.0102
45, 34.0313
45, 34.0778
45, 34.1681
45, 34.3277
45, 34.5905
45, 35
45.0005, 35
45.0067, 35.0003
45.0308, 35.0024
45.087, 35.0102
45.1875, 35.0313
45.337, 35.0778
45.5282, 35.1681
45.7373, 35.3277
45.9185, 35.5905
46, 36
45.5905, 36
45.3277, 36.0003
45.1681, 36.0024
45.0778, 36.0102
45.0312, 36.0313
45.0102, 36.0778
45.0024, 36.1681
45.0003, 36.3277
45, 36.5905
45, 37
44.5905, 36.9185
44.3277, 36.7376
44.1681, 36.5306
44.0778, 36.3472
44.0312, 36.2187
44.0102, 36.1648
44.0024, 36.1989
44.0003, 36.3344
44, 36.591
44, 37
44, 37
44, 37.0003
44, 37.0024
44, 37.0102
44, 37.0313
44, 37.0778
44, 37.1681
44, 37.3277
44, 37.5905
44, 38
44.0005, 38
44.0067, 38
44.0308, 38
44.087, 38
44.1875, 38
44.337, 38
44.5282, 38
44.7373, 38
44.9185, 38
45, 38
45, 38.0005
45, 38.0067
45, 38.0308
45, 38.087
45, 38.1875
45, 38.337
45, 38.5282
45, 38.7373
45, 38.9185
45, 39
45, 39
45.0003, 39
45.0024, 39
45.0102, 39
45.0313, 39
45.0778, 39
45.1681, 39
45.3277, 39
45.5905, 39
46, 39
46.0005, 39.0005
46.0064, 39.0067
46.0284, 39.0308
46.0768, 39.087
46.1563, 39.1875
46.2592, 39.337
46.3602, 39.5282
46.4096, 39.7373
46.328, 39.9185
46, 40
46, 40
46, 40.0005
46, 40.0022
46, 40.0067
46, 40.0156
46, 40.0308
46, 40.054
46, 40.087
46, 40.1312
46, 40.1875
46, 40.2562
46, 40.337
46, 40.4284
46, 40.5282
46, 40.6328
46, 40.7373
46, 40.8352
46, 40.9185
46, 40.9774
46, 41
46, 41.0005
46, 41.0067
46, 41.0308
46, 41.087
46, 41.1875
46, 41.337
46, 41.5282
46, 41.7373
46, 41.9185
46, 42
46, 42
46, 42.0003
46, 42.0024
46, 42.0102
46, 42.0313
46, 42.0778
46, 42.1681
46, 42.3277
46, 42.5905
46, 43
46, 43
46, 43.0003
46, 43.0024
46, 43.0102
46, 43.0313
46, 43.0778
46, 43.1681
46, 43.3277
46, 43.5905
46, 44
45.9185, 43.9185
45.7373, 43.7373
45.5282, 43.5282
45.337, 43.337
45.1875, 43.1875
45.087, 43.087
45.0308, 43.0308
45.0067, 43.0067
45.0005, 43.0005
45, 43
44.919, 43
44.7437, 43.0003
44.5566, 43.0024
44.4138, 43.0102
44.3437, 43.0313
44.3462, 43.0778
44.3909, 43.1681
44.4163, 43.3277
44.3285, 43.5905
44, 44
44, 44
44, 44.0003
44, 44.0024
44, 44.0102
44, 44.0313
44, 44.0778
44, 44.1681
44, 44.3277
44, 44.5905
44, 45
43.5905, 44.5909
43.3277, 44.3344
43.1681, 44.1988
43.0778, 44.1648
43.0312, 44.2188
43.0102, 44.3472
43.0024, 44.5307
43.0003, 44.7376
43, 44.9186
43, 45
43, 45
43, 45.0003
43, 45.0024
43, 45.0102
43, 45.0313
43, 45.0778
43, 45.1681
43, 45.3277
43, 45.5905
43, 46
43.0005, 46
43.0067, 46
43.0308, 46
43.087, 46
43.1875, 46
43.337, 46
43.5282, 46
43.7373, 46
43.9185, 46
44, 46
44, 46.0005
44, 46.0064
44, 46.0284
44, 46.0768
44, 46.1563
44, 46.2592
44, 46.3602
44, 46.4096
44, 46.328
44, 46
44, 45.5905
44.0003, 45.3277
44.0024, 45.1681
44.0102, 45.0778
44.0313, 45.0312
44.0778, 45.0102
44.1681, 45.0024
44.3277, 45.0003
44.5905, 45
45, 45
45.0005, 45.0005
45.0067, 45.0067
45.0308, 45.0308
45.087, 45.087
45.1875, 45.1875
45.337, 45.337
45.5282, 45.5282
45.7373, 45.7373
45.9185, 45.9185
46, 46
46, 45.5905
46.0003, 45.328
46.0024, 45.1705
46.0102, 45.088
46.0313, 45.0625
46.0778, 45.088
46.1681, 45.1705
46.3277, 45.328
46.5905, 45.5905
47, 46
47, 45.5905
47.0003, 45.3277
47.0024, 45.1681
47.0102, 45.0778
47.0313, 45.0312
47.0778, 45.0102
47.1681, 45.0024
47.3277, 45.0003
47.5905, 45
48, 45
48, 45
48.0003, 45
48.0024, 45
48.0102, 45
48.0313, 45
48.0778, 45
48.1681, 45
48.3277, 45
48.5905, 45
49, 45
49.0005, 45
49.0064, 45.0003
49.0284, 45.0024
49.0768, 45.0102
49.1563, 45.0313
49.2592, 45.0778
49.3602, 45.1681
49.4096, 45.3277
49.328, 45.5905
49, 46
49, 46
49, 46.0003
49, 46.0024
49, 46.0102
49, 46.0313
49, 46.0778
49, 46.1681
49, 46.3277
49, 46.5905
49, 47
48.5905, 46.5905
48.3277, 46.328
48.1681, 46.1705
48.0778, 46.088
48.0312, 46.0625
48.0102, 46.088
48.0024, 46.1705
48.0003, 46.328
48, 46.5905
48, 47
48, 47
48, 47.0003
48, 47.0024
48, 47.0102
48, 47.0313
48, 47.0778
48, 47.1681
48, 47.3277
48, 47.5905
48, 48
48, 48.0005
48.0003, 48.0067
48.0024, 48.0308
48.0102, 48.087
48.0313, 48.1875
48.0778, 48.337
48.1681, 48.5282
48.3277, 48.7373
48.5905, 48.9185
49, 49
49, 48.5905
49.0003, 48.328
49.0024, 48.1705
49.0102, 48.088
49.0313, 48.0625
49.0778, 48.088
49.1681, 48.1705
49.3277, 48.328
49.5905, 48.5905