0 0
0.05 0.05
0.1 0.1
0.15 0.15
0.2 0.2
0.25 0.25
0.3 0.3
0.35 0.35
0.4 0.4
0.45 0.45
0.5 0.5
0.55 0.55
0.6 0.6
0.65 0.65
0.7 0.7
0.75 0.75
0.8 0.8
0.85 0.85
0.9 0.9
0.95 0.95
1 1
1.05 1
1.1 1
1.15 1
1.2 1
1.25 1
1.3 1
1.35 1
1.4 1
1.45 1
1.5 1
1.55 1
1.6 1
1.65 1
1.7 1
1.75 1
1.8 1
1.85 1
1.9 1
1.95 1
2 1
1.95 1.05
1.9 1.1
1.85 1.15
1.8 1.2
1.75 1.25
1.7 1.3
1.65 1.35
1.6 1.4
1.55 1.45
1.5 1.5
1.45 1.55
1.4 1.6
1.35 1.65
1.3 1.7
1.25 1.75
1.2 1.8
1.15 1.85
1.1 1.9
1.05 1.95
1 2
1 2
1 2
1 2
1 2
1 2
1 2
1 2
1 2
1 2
1 2
1 2
1 2
1 2
1 2
1 2
1 2
1 2
1 2
1 2
1 2
0.95 2
0.9 2
0.85 2
0.8 2
0.75 2
0.7 2
0.65 2
0.6 2
0.55 2
0.5 2
0.45 2
0.4 2
0.35 2
0.3 2
0.25 2
0.2 2
0.15 2
0.1 2
0.05 2
9.76996e-15 2
