0 0
0.04201 0
0.08402 0
0.12603 0
0.16804 0
0.21005 0
0.25206 0
0.29407 0
0.33608 0
0.37809 0
0.4201 0
0.46211 0
0.50412 0
0.54613 0
0.58814 0
0.63015 0
0.67216 0
0.71417 0
0.75618 0
0.79819 0
0.8402 0
0.88221 0
0.92422 0
0.96623 0
1 0.00824
1 0.05025
1 0.09226
1 0.13427
1 0.17628
1 0.21829
1 0.2603
1 0.30231
1 0.34432
1 0.38633
1 0.42834
1 0.47035
1 0.51236
1 0.55437
1 0.59638
1 0.63839
1 0.6804
1 0.72241
1 0.76442
1 0.80643
1 0.84844
1 0.89045
1 0.93246
1 0.97447
0.98452 1.01548
0.94251 1.05749
0.9005 1.0995
0.85849 1.14151
0.81648 1.18352
0.77447 1.22553
0.73246 1.26754
0.69045 1.30955
0.64844 1.35156
0.60643 1.39357
0.56442 1.43558
0.52241 1.47759
0.4804 1.5196
0.43839 1.56161
0.39638 1.60362
0.35437 1.64563
0.31236 1.68764
0.27035 1.72965
0.22834 1.77166
0.18633 1.81367
0.14432 1.85568
0.10231 1.89769
0.0603 1.9397
0.01829 1.98171
0 2.1186
0 2.32865
0 2.5387
0 2.74875
0 2.9588
0 3
0 3
0 3
0 3
0 3
0 3
0 3
0 3
0 3
0 3
0 3
0 3
0 3
0 3
0 3
0 3
0 3
0 3
0 3
0 3
0 3
0 3
0 3
0 3
