0 0
0.05002 0
0.10004 0
0.15006 0
0.20008 0
0.2501 0
0.30012 0
0.35014 0
0.40016 0
0.45018 0
0.5002 0
0.55022 0
0.60024 0
0.65026 0
0.70028 0
0.7503 0
0.80032 0
0.85034 0
0.90036 0
0.95038 0
1 0.0004
1 0.05042
1 0.10044
1 0.15046
1 0.20048
1 0.2505
1 0.30052
1 0.35054
1 0.40056
1 0.45058
1 0.5006
1 0.55062
1 0.60064
1 0.65066
1 0.70068
1 0.7507
1 0.80072
1 0.85074
1 0.90076
1 0.95078
1 1
0.95018 1.04982
0.90016 1.09984
0.85014 1.14986
0.80012 1.19988
0.7501 1.2499
0.70008 1.29992
0.65006 1.34994
0.60004 1.39996
0.55002 1.44998
0.5 1.5
0.44998 1.55002
0.39996 1.60004
0.34994 1.65006
0.29992 1.70008
0.2499 1.7501
0.19988 1.80012
0.14986 1.85014
0.09984 1.90016
0.04982 1.95018
0.0002 2.0002
0.05022 2.05022
0.10024 2.10024
0.15026 2.15026
0.20028 2.20028
0.2503 2.2503
0.30032 2.30032
0.35034 2.35034
0.40036 2.40036
0.45038 2.45038
0.5004 2.5004
0.55042 2.55042
0.60044 2.60044
0.65046 2.65046
0.70048 2.70048
0.7505 2.7505
0.80052 2.80052
0.85054 2.85054
0.90056 2.90056
0.95058 2.95058
1 3
1 3
1 3
1 3
1 3
1 3
1 3
1 3
1 3
1 3
1 3
1 3
1 3
1 3
1 3
1 3
1 3
1 3
1 3
1 3
1 3
