0 0
0.05202 0
0.10404 0
0.15606 0
0.20808 0
0.2601 0
0.31212 0
0.36414 0
0.41616 0
0.46818 0
0.5202 0
0.57222 0
0.62424 0
0.67626 0
0.72828 0
0.7803 0
0.83232 0
0.88434 0
0.93636 0
0.98838 0
1 0.0404
1 0.09242
1 0.14444
1 0.19646
1 0.24848
1 0.3005
1 0.35252
1 0.40454
1 0.45656
1 0.50858
1 0.5606
1 0.61262
1 0.66464
1 0.71666
1 0.76868
1 0.8207
1 0.87272
1 0.92474
1 0.97676
0.97222 1.02778
0.9202 1.0798
0.86818 1.13182
0.81616 1.18384
0.76414 1.23586
0.71212 1.28788
0.6601 1.3399
0.60808 1.39192
0.55606 1.44394
0.50404 1.49596
0.45202 1.54798
0.4 1.6
0.34798 1.65202
0.29596 1.70404
0.24394 1.75606
0.19192 1.80808
0.1399 1.8601
0.08788 1.91212
0.03586 1.96414
0.01616 2.01616
0.06818 2.06818
0.1202 2.1202
0.17222 2.17222
0.22424 2.22424
0.27626 2.27626
0.32828 2.32828
0.3803 2.3803
0.43232 2.43232
0.48434 2.48434
0.53636 2.53636
0.58838 2.58838
0.6404 2.6404
0.69242 2.69242
0.74444 2.74444
0.79646 2.79646
0.84848 2.84848
0.9005 2.9005
0.95252 2.95252
1.0177 3
1.2778 3
1.5379 3
1.798 3
2 3
2 3
2 3
2 3
2 3
2 3
2 3
2 3
2 3
2 3
2 3
2 3
2 3
2 3
2 3
2 3
2 3
2 3
2 3
2 3
