1 1
1 1
1 1
1 1
1 1.01692
1 1.12688
1 1.23684
1 1.34681
0.999996 1.4691
0.999984 1.61914
0.999972 1.76917
0.999959 1.91921
0.999959 2.12
0.999971 2.38
0.999983 2.64
0.999995 2.9
1 3
1 3
1 3
1 3
1.2 3.00002
1.46 3.00004
1.72 3.00006
1.98 3.00008
2.24 3.00008
2.5 3.00008
2.76 3.00008
3.02 3.00008
3.28 3.00006
3.54 3.00004
3.8 3.00002
4 3
4 3
4 3
4 3
4.1 2.9
4.36 2.64
4.62 2.38
4.88 2.12
5 2
5 2
5 2
5 2
5.18 1.91
5.44 1.78
5.7 1.65
5.96 1.52
6.22 1.39
6.48 1.26
6.74 1.13
7 1
7 1
7 1
7 1
7.04 0.999997
7.3 0.999975
7.56 0.999953
7.82 0.999931
8.08 0.999914
8.34 0.999908
8.6 0.999902
8.86 0.999896
9.12 0.999897
9.38 0.999905
9.64 0.999914
9.9 0.999922
10.16 0.999937
10.42 0.999957
10.68 0.999976
10.94 0.999995
11 1
11 1
11 1
11 1
11 1.24
11 1.5
11 1.76
11.0001 2.02
11 2.28
11 2.54
11 2.8
11 3
11 3
11 3
11 3
10.9667 3.1
10.88 3.36
10.7933 3.62
10.7067 3.88
10.62 4.14
10.5333 4.4
10.4467 4.66
10.36 4.92
10.2733 5.18
10.1867 5.44
10.1 5.7
10.0133 5.96
10 6
10 6
10 6
10 6