1 1
1 1
1 1
1 1
1 1.08561
1 1.21403
1 1.34245
0.999997 1.48525
0.999988 1.65684
0.999979 1.82842
0.99997 2
0.999979 2.3
0.999988 2.6
0.999997 2.9
1 3
1 3
1 3
1.1 3
1.4 3.00002
1.7 3.00003
2 3.00005
2.3 3.00005
2.6 3.00005
2.9 3.00005
3.2 3.00004
3.5 3.00002
3.8 3.00001
4 3
4 3
4 3
4 3
4.3 2.7
4.6 2.4
4.9 2.1
5 2
5 2
5 2
5.1 1.95
5.4 1.8
5.7 1.65
6 1.5
6.3 1.35
6.6 1.2
6.9 1.05
7 1
7 1
7 1
7.1 0.999994
7.4 0.999977
7.7 0.999959
8 0.999942
8.3 0.999937
8.6 0.999932
8.9 0.999927
9.2 0.999929
9.5 0.999934
9.8 0.999939
10.1 0.999948
10.4 0.999965
10.7 0.999983
11 1
11 1
11 1
11 1
11 1.2
11 1.5
11 1.8
11 2.1
11 2.4
11 2.7
11 3
11 3.15218
11 3.30436
11 3.45654
11 3.60581
11 3.75363
11 3.90145
11 4.1
11 4.4
11 4.7
11 5
11 5.17259
11 5.34518
11 5.51777
11 5.66024
11 5.78765
11 5.91506
11 6
11 6
11 6
11 6
10.7 6.00002
10.4 6.00005
10.1 6.00007
9.8 6.00008
9.5 6.0001
9.2 6.00011
9 6.00012
9 6.00012
9 6.00012