0.999886 1
0.999886 1
0.999886 1
0.999886 1
0.999892 1.16
0.999903 1.45
0.999914 1.74
0.999926 2.03
0.999948 2.32
0.99997 2.61
0.999992 2.9
1 3
1 3
1 3
1.06 3
1.35 3.00002
1.64 3.00003
1.93 3.00005
2.22 3.00005
2.51 3.00005
2.8 3.00005
3.09 3.00004
3.38 3.00003
3.67 3.00002
3.96 3
4 3
4 3
4 3
4.12 2.88
4.41 2.59
4.7 2.3
4.99 2.01
5 2
5 2
5 2
5.15 1.925
5.44 1.78
5.73 1.635
6.02 1.49
6.31 1.345
6.6 1.2
6.89 1.055
7 1
7 1
7 1
7.05 0.999997
7.34 0.99998
7.63 0.999964
7.92 0.999947
8.21 0.999939
8.5 0.999935
8.79 0.99993
9.08 0.999928
9.37 0.999932
9.66 0.999937
9.95 0.999942
10.24 0.999956
10.53 0.999973
10.82 0.99999
11 1
11 1
11 1
11 1
11 1.27
11 1.56
11 1.85
11 2.14
11 2.43
11 2.72
11 3.00507
11 3.15222
11 3.29936
11 3.4465
11 3.59113
11 3.73399
11 3.87685
11 4.04
11 4.33
11 4.62
11 4.91
11 5.11519
11 5.28222
11 5.44925
11 5.60564
11 5.72861
11 5.85159
11 5.97456
11 6
11 6
11 6
10.9 6
10.61 6.00001
10.32 6.00002
10.03 6.00003
9.74 6.00003
9.45 6.00002
9.16 6.00001
9 6
9 6
9 6
9 6