0.999886 1
0.999886 1
0.999886 1
0.999886 1
0.999886 1
0.999895 1.25
0.999905 1.5
0.999914 1.75
0.999924 2
0.999943 2.25
0.999962 2.5
0.999981 2.75
1 3
1 3
1 3
1 3
1 3
1.25 3.00001
1.5 3.00002
1.75 3.00004
2 3.00005
2.25 3.00005
2.5 3.00005
2.75 3.00005
3 3.00005
3.25 3.00004
3.5 3.00002
3.75 3.00001
4 3
4 3
4 3
4 3
4 3
4.25 2.75
4.5 2.5
4.75 2.25
5 2
5 2
5 2
5 2
5 2
5.25 1.875
5.5 1.75
5.75 1.625
6 1.5
6.25 1.375
6.5 1.25
6.75 1.125
7 1
7 1
7 1
7 1
7 1
7.25 0.999986
7.5 0.999971
7.75 0.999957
8 0.999943
8.25 0.999939
8.5 0.999935
8.75 0.999931
9 0.999927
9.25 0.999931
9.5 0.999935
9.75 0.999939
10 0.999943
10.25 0.999957
10.5 0.999971
10.75 0.999986
11 1
11 1
11 1
11 1
11 1
11 1.25
11 1.5
11 1.75
11 2
11 2.25
11 2.5
11 2.75
11 3
11 3
11 3
11 3
11 3
10.875 3.25
10.75 3.5
10.625 3.75
10.5 4
10.375 4.25
10.25 4.5
10.125 4.75
10 5
10 5
10 5
10 5
10 5
10 5
10 5
10 5