1 1
1 1
1 1
1 1
1 1
1 1
1 1
1 1
1 1
1 1.11088
1 1.22175
1 1.33263
1 1.44351
0.999988 1.58263
0.999977 1.72175
0.999965 1.86088
0.999953 2
0.999965 2.25
0.999977 2.5
0.999988 2.75
1 3
1 3
1 3
1 3
1 3
1.25 3.00002
1.5 3.00004
1.75 3.00006
2 3.00008
2.25 3.00008
2.5 3.00008
2.75 3.00008
3 3.00008
3.25 3.00006
3.5 3.00004
3.75 3.00002
4 3
4 3
4 3
4 3
4 3
4.25 2.75
4.5 2.5
4.75 2.25
5 2
5 2
5 2
5 2
5 2
5.25 1.875
5.5 1.75
5.75 1.625
6 1.5
6.25 1.375
6.5 1.25
6.75 1.125
7 1
7 1
7 1
7 1
7 1
7.25 0.999977
7.5 0.999954
7.75 0.999931
8 0.999909
8.25 0.999904
8.5 0.999899
8.75 0.999894
9 0.999889
9.25 0.999897
9.5 0.999906
9.75 0.999914
10 0.999922
10.25 0.999942
10.5 0.999961
10.75 0.999981
11 1
11 1
11 1
11 1
11 1
11 1.25
11 1.5
11 1.75
11.0001 2
11 2.25
11 2.5
11 2.75
11 3
11 3
11 3
11 3
11 3
10.75 3.25
10.5 3.5
10.25 3.75
10 4
10 4
10 4
10 4